0
0.96483 -0.239725 0.108167 271.632
0.247074 0.967137 -0.0605046 345.451
-0.0954714 0.0850793 0.992297 1.82263
0.0851479 0.0905294 0.242862 1
1
0.96483 -0.239725 0.108167 271.632
0.247074 0.967137 -0.0605046 345.451
-0.0954714 0.0850793 0.992297 1.82263
0.0851479 0.0905294 0.242862 1
2
0.96483 -0.239725 0.108167 271.632
0.247074 0.967137 -0.0605046 345.451
-0.0954714 0.0850793 0.992297 1.82263
0.0851479 0.0905294 0.242862 1
3
0.96483 -0.239725 0.108167 271.632
0.247074 0.967137 -0.0605046 345.451
-0.0954714 0.0850793 0.992297 1.82263
0.0851479 0.0905294 0.242862 1
4
0.96483 -0.239725 0.108167 271.632
0.247074 0.967137 -0.0605046 345.451
-0.0954714 0.0850793 0.992297 1.82263
0.0851479 0.0905294 0.242862 1
5
0.96483 -0.239725 0.108167 271.632
0.247074 0.967137 -0.0605046 345.451
-0.0954714 0.0850793 0.992297 1.82263
0.0851479 0.0905294 0.242862 1
6
0.964635 -0.240028 0.109232 269.395
0.247365 0.967134 -0.0593668 345.167
-0.096652 0.0842643 0.992249 1.8259
0.0843302 0.0918162 0.243157 1
7
0.964635 -0.240028 0.109232 269.395
0.247365 0.967134 -0.0593668 345.167
-0.096652 0.0842643 0.992249 1.8259
0.0843302 0.0918162 0.243157 1
8
0.964635 -0.240028 0.109232 269.395
0.247365 0.967134 -0.0593668 345.167
-0.096652 0.0842643 0.992249 1.8259
0.0843302 0.0918162 0.243157 1
9
0.96805 -0.227519 0.105663 266.943
0.234102 0.970698 -0.0546606 344.521
-0.0946118 0.0776319 0.992904 1.83069
0.0776831 0.0904995 0.230139 1
10
0.96805 -0.227519 0.105663 266.943
0.234102 0.970698 -0.0546606 344.521
-0.0946118 0.0776319 0.992904 1.83069
0.0776831 0.0904995 0.230139 1
11
0.968489 -0.226727 0.103313 263.945
0.233375 0.97071 -0.0574909 343.833
-0.0919656 0.0797723 0.992992 1.8357
0.0798294 0.0876175 0.229364 1
12
0.968489 -0.226727 0.103313 263.945
0.233375 0.97071 -0.0574909 343.833
-0.0919656 0.0797723 0.992992 1.8357
0.0798294 0.0876175 0.229364 1
13
0.968489 -0.226727 0.103313 263.945
0.233375 0.97071 -0.0574909 343.833
-0.0919656 0.0797723 0.992992 1.8357
0.0798294 0.0876175 0.229364 1
14
0.96888 -0.225915 0.101407 261.642
0.232639 0.970722 -0.0601928 342.996
-0.0897673 0.0818935 0.993028 1.83454
0.0819568 0.0852036 0.228568 1
15
0.96888 -0.225915 0.101407 261.642
0.232639 0.970722 -0.0601928 342.996
-0.0897673 0.0818935 0.993028 1.83454
0.0819568 0.0852036 0.228568 1
16
0.96888 -0.225915 0.101407 261.642
0.232639 0.970722 -0.0601928 342.996
-0.0897673 0.0818935 0.993028 1.83454
0.0819568 0.0852036 0.228568 1
17
0.96888 -0.225915 0.101407 261.642
0.232639 0.970722 -0.0601928 342.996
-0.0897673 0.0818935 0.993028 1.83454
0.0819568 0.0852036 0.228568 1
18
0.976055 -0.193483 0.0995736 261.642
0.200382 0.977596 -0.0646794 342.996
-0.0887566 0.0830707 0.992931 1.8349
0.0831408 0.0852036 0.195324 1
19
0.973192 -0.208731 0.0967822 259.793
0.215334 0.974482 -0.0636585 343.199
-0.0856078 0.0827789 0.993272 1.84107
0.0828475 0.0813729 0.210934 1
20
0.973192 -0.208731 0.0967822 259.793
0.215334 0.974482 -0.0636585 343.199
-0.0856078 0.0827789 0.993272 1.84107
0.0828475 0.0813729 0.210934 1
21
0.976458 -0.193294 0.0959045 259.793
0.199986 0.977596 -0.0658934 343.199
-0.0851204 0.0835101 0.993212 1.84425
0.0835825 0.0813729 0.195141 1
22
0.976458 -0.193294 0.0959045 259.793
0.199986 0.977596 -0.0658934 343.199
-0.0851204 0.0835101 0.993212 1.84425
0.0835825 0.0813729 0.195141 1
23
0.973989 -0.206395 0.0937159 257.507
0.21293 0.974849 -0.0660689 342.931
-0.0824573 0.0842929 0.993409 1.85194
0.084367 0.0780604 0.208568 1
24
0.973989 -0.206395 0.0937159 257.507
0.21293 0.974849 -0.0660689 342.931
-0.0824573 0.0842929 0.993409 1.85194
0.084367 0.0780604 0.208568 1
25
0.973989 -0.206395 0.0937159 257.507
0.21293 0.974849 -0.0660689 342.931
-0.0824573 0.0842929 0.993409 1.85194
0.084367 0.0780604 0.208568 1
26
0.979777 -0.178312 0.0909068 257.507
0.184426 0.980773 -0.063976 342.931
-0.0812758 0.0794392 0.993806 1.84717
0.0795029 0.0780604 0.179794 1
27
0.977059 -0.194899 0.0859973 255.619
0.200629 0.977592 -0.0639287 343.129
-0.0759431 0.0797069 0.994245 1.85371
0.0797711 0.0718867 0.196731 1
28
0.977059 -0.194899 0.0859973 255.619
0.200629 0.977592 -0.0639287 343.129
-0.0759431 0.0797069 0.994245 1.85371
0.0797711 0.0718867 0.196731 1
29
0.977059 -0.194899 0.0859973 255.619
0.200629 0.977592 -0.0639287 343.129
-0.0759431 0.0797069 0.994245 1.85371
0.0797711 0.0718867 0.196731 1
30
0.977059 -0.194899 0.0859973 255.619
0.200629 0.977592 -0.0639287 343.129
-0.0759431 0.0797069 0.994245 1.85371
0.0797711 0.0718867 0.196731 1
31
0.977059 -0.194899 0.0859973 255.619
0.200629 0.977592 -0.0639287 343.129
-0.0759431 0.0797069 0.994245 1.85371
0.0797711 0.0718867 0.196731 1
32
0.977059 -0.194899 0.0859973 255.619
0.200629 0.977592 -0.0639287 343.129
-0.0759431 0.0797069 0.994245 1.85371
0.0797711 0.0718867 0.196731 1
33
0.979772 -0.180118 0.0873231 253.667
0.185673 0.980769 -0.0603047 342.446
-0.0782781 0.0752908 0.994356 1.85413
0.0753446 0.0750505 0.18158 1
34
0.979772 -0.180118 0.0873231 253.667
0.185673 0.980769 -0.0603047 342.446
-0.0782781 0.0752908 0.994356 1.85413
0.0753446 0.0750505 0.18158 1
35
0.979772 -0.180118 0.0873231 253.667
0.185673 0.980769 -0.0603047 342.446
-0.0782781 0.0752908 0.994356 1.85413
0.0753446 0.0750505 0.18158 1
36
0.979772 -0.180118 0.0873231 253.667
0.185673 0.980769 -0.0603047 342.446
-0.0782781 0.0752908 0.994356 1.85413
0.0753446 0.0750505 0.18158 1
37
0.979772 -0.180118 0.0873231 253.667
0.185673 0.980769 -0.0603047 342.446
-0.0782781 0.0752908 0.994356 1.85413
0.0753446 0.0750505 0.18158 1
38
0.979981 -0.183266 0.0779025 252.623
0.187951 0.980487 -0.05777 342.807
-0.0695089 0.0712495 0.995288 1.85268
0.0712958 0.0660001 0.184741 1
39
0.979981 -0.183266 0.0779025 252.623
0.187951 0.980487 -0.05777 342.807
-0.0695089 0.0712495 0.995288 1.85268
0.0712958 0.0660001 0.184741 1
40
0.979981 -0.183266 0.0779025 252.623
0.187951 0.980487 -0.05777 342.807
-0.0695089 0.0712495 0.995288 1.85268
0.0712958 0.0660001 0.184741 1
41
0.979981 -0.183266 0.0779025 252.623
0.187951 0.980487 -0.05777 342.807
-0.0695089 0.0712495 0.995288 1.85268
0.0712958 0.0660001 0.184741 1
42
0.981454 -0.17635 0.0752346 254.779
0.17998 0.982668 -0.04452 345.26
-0.0688438 0.0572308 0.996173 1.82726
0.0572535 0.0662275 0.177541 1
43
0.981396 -0.176018 0.0767585 254.055
0.179495 0.98291 -0.0409925 347.489
-0.0707579 0.0540033 0.996208 1.83469
0.0540218 0.0683751 0.177171 1
44
0.981396 -0.176018 0.0767585 254.055
0.179495 0.98291 -0.0409925 347.489
-0.0707579 0.0540033 0.996208 1.83469
0.0540218 0.0683751 0.177171 1
45
0.981396 -0.176018 0.0767585 254.055
0.179495 0.98291 -0.0409925 347.489
-0.0707579 0.0540033 0.996208 1.83469
0.0540218 0.0683751 0.177171 1
46
0.981396 -0.176018 0.0767585 254.055
0.179495 0.98291 -0.0409925 347.489
-0.0707579 0.0540033 0.996208 1.83469
0.0540218 0.0683751 0.177171 1
47
0.981396 -0.176018 0.0767585 254.055
0.179495 0.98291 -0.0409925 347.489
-0.0707579 0.0540033 0.996208 1.83469
0.0540218 0.0683751 0.177171 1
48
0.981589 -0.173082 0.0808691 251.829
0.177359 0.982929 -0.0490728 347.362
-0.0737952 0.062507 0.995518 1.84197
0.0625369 0.0711831 0.174267 1
49
0.981589 -0.173082 0.0808691 251.829
0.177359 0.982929 -0.0490728 347.362
-0.0737952 0.062507 0.995518 1.84197
0.0625369 0.0711831 0.174267 1
50
0.981589 -0.173082 0.0808691 251.829
0.177359 0.982929 -0.0490728 347.362
-0.0737952 0.062507 0.995518 1.84197
0.0625369 0.0711831 0.174267 1
51
0.981589 -0.173082 0.0808691 251.829
0.177359 0.982929 -0.0490728 347.362
-0.0737952 0.062507 0.995518 1.84197
0.0625369 0.0711831 0.174267 1
52
0.982185 -0.170545 0.0790034 249.741
0.174948 0.983177 -0.0526225 346.914
-0.0716519 0.0655016 0.995486 1.84821
0.065537 0.0688917 0.171721 1
53
0.982185 -0.170545 0.0790034 249.741
0.174948 0.983177 -0.0526225 346.914
-0.0716519 0.0655016 0.995486 1.84821
0.065537 0.0688917 0.171721 1
54
0.982185 -0.170545 0.0790034 249.741
0.174948 0.983177 -0.0526225 346.914
-0.0716519 0.0655016 0.995486 1.84821
0.065537 0.0688917 0.171721 1
55
0.982185 -0.170545 0.0790034 249.741
0.174948 0.983177 -0.0526225 346.914
-0.0716519 0.0655016 0.995486 1.84821
0.065537 0.0688917 0.171721 1
56
0.982185 -0.170545 0.0790034 249.741
0.174948 0.983177 -0.0526225 346.914
-0.0716519 0.0655016 0.995486 1.84821
0.065537 0.0688917 0.171721 1
57
0.982185 -0.170545 0.0790034 249.741
0.174948 0.983177 -0.0526225 346.914
-0.0716519 0.0655016 0.995486 1.84821
0.065537 0.0688917 0.171721 1
58
0.982185 -0.170545 0.0790034 249.741
0.174948 0.983177 -0.0526225 346.914
-0.0716519 0.0655016 0.995486 1.84821
0.065537 0.0688917 0.171721 1
59
0.982185 -0.170545 0.0790034 249.741
0.174948 0.983177 -0.0526225 346.914
-0.0716519 0.0655016 0.995486 1.84821
0.065537 0.0688917 0.171721 1
60
0.982185 -0.170545 0.0790034 249.741
0.174948 0.983177 -0.0526225 346.914
-0.0716519 0.0655016 0.995486 1.84821
0.065537 0.0688917 0.171721 1
61
0.982185 -0.170545 0.0790034 249.741
0.174948 0.983177 -0.0526225 346.914
-0.0716519 0.0655016 0.995486 1.84821
0.065537 0.0688917 0.171721 1
62
0.982185 -0.170545 0.0790034 249.741
0.174948 0.983177 -0.0526225 346.914
-0.0716519 0.0655016 0.995486 1.84821
0.065537 0.0688917 0.171721 1
63
0.98441 -0.157059 0.0792394 247.909
0.161018 0.98587 -0.0463017 346.227
-0.0730656 0.0583349 0.995781 1.85912
0.0583594 0.0710185 0.157957 1
64
0.98441 -0.157059 0.0792394 247.909
0.161018 0.98587 -0.0463017 346.227
-0.0730656 0.0583349 0.995781 1.85912
0.0583594 0.0710185 0.157957 1
65
0.98441 -0.157059 0.0792394 247.909
0.161018 0.98587 -0.0463017 346.227
-0.0730656 0.0583349 0.995781 1.85912
0.0583594 0.0710185 0.157957 1
66
0.98441 -0.157059 0.0792394 247.909
0.161018 0.98587 -0.0463017 346.227
-0.0730656 0.0583349 0.995781 1.85912
0.0583594 0.0710185 0.157957 1
67
0.98441 -0.157059 0.0792394 247.909
0.161018 0.98587 -0.0463017 346.227
-0.0730656 0.0583349 0.995781 1.85912
0.0583594 0.0710185 0.157957 1
68
0.98441 -0.157059 0.0792394 247.909
0.161018 0.98587 -0.0463017 346.227
-0.0730656 0.0583349 0.995781 1.85912
0.0583594 0.0710185 0.157957 1
69
0.98441 -0.157059 0.0792394 247.909
0.161018 0.98587 -0.0463017 346.227
-0.0730656 0.0583349 0.995781 1.85912
0.0583594 0.0710185 0.157957 1
70
0.98269 -0.168528 0.0770174 246.603
0.172709 0.983643 -0.0512824 345.579
-0.0699774 0.0636918 0.995712 1.85991
0.0637245 0.0672928 0.169652 1
71
0.986669 -0.145317 0.0732993 246.603
0.148246 0.988289 -0.0362337 345.579
-0.0687733 0.0466146 0.996652 1.85526
0.0466268 0.0672928 0.145976 1
72
0.986669 -0.145317 0.0732993 246.603
0.148246 0.988289 -0.0362337 345.579
-0.0687733 0.0466146 0.996652 1.85526
0.0466268 0.0672928 0.145976 1
73
0.986669 -0.145317 0.0732993 246.603
0.148246 0.988289 -0.0362337 345.579
-0.0687733 0.0466146 0.996652 1.85526
0.0466268 0.0672928 0.145976 1
74
0.986669 -0.145317 0.0732993 246.603
0.148246 0.988289 -0.0362337 345.579
-0.0687733 0.0466146 0.996652 1.85526
0.0466268 0.0672928 0.145976 1
75
0.984426 -0.159709 0.0735263 244.984
0.162626 0.986051 -0.0355426 345.709
-0.0687173 0.0469435 0.996661 1.85582
0.0469555 0.0669407 0.160554 1
76
0.984426 -0.159709 0.0735263 244.984
0.162626 0.986051 -0.0355426 345.709
-0.0687173 0.0469435 0.996661 1.85582
0.0469555 0.0669407 0.160554 1
77
0.984426 -0.159709 0.0735263 244.984
0.162626 0.986051 -0.0355426 345.709
-0.0687173 0.0469435 0.996661 1.85582
0.0469555 0.0669407 0.160554 1
78
0.986768 -0.144696 0.0731995 244.984
0.147751 0.98829 -0.0381732 345.709
-0.0684828 0.0484809 0.996587 1.85809
0.0484948 0.0669407 0.145361 1
79
0.986768 -0.144696 0.0731995 244.984
0.147751 0.98829 -0.0381732 345.709
-0.0684828 0.0484809 0.996587 1.85809
0.0484948 0.0669407 0.145361 1
80
0.984778 -0.159916 0.0681554 243.359
0.162595 0.986049 -0.0357356 346.235
-0.063484 0.046271 0.997035 1.86459
0.0462828 0.0615888 0.16076 1
81
0.984778 -0.159916 0.0681554 243.359
0.162595 0.986049 -0.0357356 346.235
-0.063484 0.046271 0.997035 1.86459
0.0462828 0.0615888 0.16076 1
82
0.986755 -0.147669 0.0671767 243.359
0.150122 0.988118 -0.0330434 346.235
-0.0631119 0.0426886 0.997194 1.85839
0.0426978 0.0615888 0.148332 1
83
0.986755 -0.147669 0.0671767 243.359
0.150122 0.988118 -0.0330434 346.235
-0.0631119 0.0426886 0.997194 1.85839
0.0426978 0.0615888 0.148332 1
84
0.986126 -0.155347 0.0585278 241.186
0.156433 0.987585 -0.0144185 348.84
-0.056502 0.0233732 0.998182 1.83346
0.0233744 0.0556025 0.156014 1
85
0.989285 -0.138129 0.0473045 238.524
0.138985 0.990177 -0.0153026 358.344
-0.0455872 0.0217128 0.998763 1.84999
0.0217138 0.0447502 0.1386 1
86
0.989011 -0.136827 0.0560129 234.338
0.137917 0.990314 -0.0160585 367.2
-0.0540983 0.0236065 0.998301 1.86257
0.0236078 0.0533112 0.13729 1
87
0.98858 -0.136439 0.063999 230.995
0.137435 0.990446 -0.011399 368.45
-0.0624181 0.0200638 0.997885 1.87904
0.0200645 0.0618817 0.136888 1
88
0.986537 -0.148707 0.0680754 229.333
0.149985 0.98859 -0.0140292 367.884
-0.0660054 0.0240494 0.997582 1.88804
0.0240506 0.0652741 0.149296 1
89
0.991659 -0.120296 0.046274 229.376
0.1212 0.992479 -0.0172412 370.015
-0.0446111 0.0227055 0.99878 1.9051
0.0227069 0.0438761 0.120616 1
90
0.991281 -0.119558 0.0554031 228.925
0.120321 0.992679 -0.0106242 378.777
-0.054184 0.0171974 0.998408 1.91889
0.0171978 0.0537596 0.119859 1
91
0.992285 -0.105313 0.0654323 226.811
0.106185 0.994297 -0.00998026 377.383
-0.0642844 0.0168508 0.997807 1.93986
0.0168512 0.0640591 0.105521 1
92
0.991951 -0.10462 0.0713288 223.611
0.105178 0.994445 -0.00410658 373.193
-0.0706367 0.0115754 0.997445 1.95847
0.0115755 0.0705647 0.104816 1
93
0.992371 -0.103569 0.0668828 223.103
0.103886 0.994588 -0.00127587 368.466
-0.0664771 0.00821416 0.99776 1.97721
0.00821419 0.0664389 0.103757 1
94
0.992371 -0.103569 0.0668828 223.103
0.103886 0.994588 -0.00127587 368.466
-0.0664771 0.00821416 0.99776 1.97721
0.00821419 0.0664389 0.103757 1
95
0.992371 -0.103569 0.0668828 223.103
0.103886 0.994588 -0.00127587 368.466
-0.0664771 0.00821416 0.99776 1.97721
0.00821419 0.0664389 0.103757 1
96
0.993672 -0.0885039 0.0691615 223.509
0.0885891 0.996067 0.00183998 361.252
-0.0690642 0.00429854 0.997604 2.04071
0.00429854 0.0691074 0.0886201 1
97
0.994998 -0.0871851 0.0487657 223.169
0.0874425 0.996165 -0.00316489 362.461
-0.0484056 0.00741319 0.998805 2.05593
0.00741321 0.0483225 0.0872977 1
98
0.992793 -0.097452 0.0697538 222.454
0.0983264 0.995112 -0.00920609 361.135
-0.0686976 0.015998 0.997522 2.07864
0.0159984 0.0685764 0.0976168 1
99
0.995185 -0.0740057 0.0642629 221.727
0.0736483 0.997253 0.00791651 357.881
-0.0646463 -0.00314551 0.997902 2.09619
-0.00314553 0.064718 0.0740741 1
100
0.995185 -0.0740057 0.0642629 221.727
0.0736483 0.997253 0.00791651 357.881
-0.0646463 -0.00314551 0.997902 2.09619
-0.00314553 0.064718 0.0740741 1
101
0.99582 -0.0604646 0.0684585 223.019
0.0608614 0.998139 -0.00372243 355.81
-0.068084 0.00787328 0.997647 2.12397
0.00787332 0.0681604 0.0605029 1
102
0.99582 -0.0604646 0.0684585 223.019
0.0608614 0.998139 -0.00372243 355.81
-0.068084 0.00787328 0.997647 2.12397
0.00787332 0.0681604 0.0605029 1
103
0.995452 -0.0595239 0.0743753 225.288
0.0593584 0.998227 0.00443497 352.263
-0.0745241 0 0.99722 2.16264
-0 0.0745765 0.0595591 1
104
0.995801 -0.059168 0.0698559 225.161
0.0590713 0.998248 0.00345043 348.753
-0.0699451 0.000690532 0.997551 2.17771
0.000690534 0.0699948 0.0592026 1
105
0.996871 -0.0467969 0.0637033 225.982
0.0470174 0.998892 -0.00196652 347.829
-0.0635117 0.00495551 0.997967 2.20006
0.00495552 0.063584 0.0468144 1
106
0.996387 -0.0467782 0.0708892 228.801
0.0466111 0.998905 0.00400925 345.028
-0.0710277 -0.000690533 0.997476 2.19641
-0.000690534 0.071059 0.0467953 1
107
0.996688 -0.045177 0.067616 229.112
0.0457399 0.99893 -0.0067986 342.933
-0.0671449 0.00986878 0.997688 2.21593
0.00986888 0.0672901 0.0451943 1
108
0.996688 -0.045177 0.067616 229.112
0.0457399 0.99893 -0.0067986 342.933
-0.0671449 0.00986878 0.997688 2.21593
0.00986888 0.0672901 0.0451943 1
109
0.996858 -0.0346145 0.071241 229.978
0.0343726 0.999398 0.00461944 340.785
-0.0714205 -0.00215619 0.997448 2.21653
-0.00215619 0.0714191 0.0346215 1
110
0.99696 -0.03303 0.0705697 231.145
0.0335957 0.999412 -0.00684338 338.684
-0.0701531 0.00919339 0.997483 2.24196
0.00919348 0.0703628 0.0330373 1
111
0.99696 -0.03303 0.0705697 231.145
0.0335957 0.999412 -0.00684338 338.684
-0.0701531 0.00919339 0.997483 2.24196
0.00919348 0.0703628 0.0330373 1
112
0.996952 -0.0342855 0.0700845 231.145
0.033834 0.999398 0.00761928 338.684
-0.0704198 -0.0052248 0.997512 2.22771
-0.00522484 0.0703628 0.0342928 1
113
0.997429 -0.0229866 0.0678687 233.122
0.0229101 0.999736 0.00190505 337.696
-0.0679199 -0.000345267 0.997692 2.25035
-0.000345267 0.0679468 0.0229887 1
114
0.997429 -0.0229866 0.0678687 233.122
0.0229101 0.999736 0.00190505 337.696
-0.0679199 -0.000345267 0.997692 2.25035
-0.000345267 0.0679468 0.0229887 1
115
0.997097 -0.0343224 0.0679681 233.122
0.0344681 0.999405 -0.000971782 337.696
-0.0678584 0.00331168 0.997687 2.25218
0.00331169 0.0679468 0.0343293 1
116
0.997097 -0.0343224 0.0679681 233.122
0.0344681 0.999405 -0.000971782 337.696
-0.0678584 0.00331168 0.997687 2.25218
0.00331169 0.0679468 0.0343293 1
117
0.997521 -0.0174567 0.0681631 235.474
0.0183925 0.999745 -0.0131269 335.208
-0.0675719 0.014348 0.997588 2.27742
0.0143484 0.0679756 0.0174593 1
118
0.997521 -0.0174567 0.0681631 235.474
0.0183925 0.999745 -0.0131269 335.208
-0.0675719 0.014348 0.997588 2.27742
0.0143484 0.0679756 0.0174593 1
119
0.99745 -0.0215048 0.0680568 235.474
0.0219275 0.999745 -0.00546998 335.208
-0.067778 0.00694834 0.997666 2.27373
0.00694838 0.0679756 0.021507 1
120
0.99745 -0.0215048 0.0680568 235.474
0.0219275 0.999745 -0.00546998 335.208
-0.067778 0.00694834 0.997666 2.27373
0.00694838 0.0679756 0.021507 1
121
0.99745 -0.0215048 0.0680568 235.474
0.0219275 0.999745 -0.00546998 335.208
-0.067778 0.00694834 0.997666 2.27373
0.00694838 0.0679756 0.021507 1
122
0.99745 -0.0215048 0.0680568 235.474
0.0219275 0.999745 -0.00546998 335.208
-0.067778 0.00694834 0.997666 2.27373
0.00694838 0.0679756 0.021507 1
123
0.997532 -0.020404 0.0671841 237.023
0.0209692 0.99975 -0.00771896 335.687
-0.0668143 0.0091087 0.997711 2.30356
0.0091088 0.0670627 0.0204062 1
124
0.997532 -0.020404 0.0671841 237.023
0.0209692 0.99975 -0.00771896 335.687
-0.0668143 0.0091087 0.997711 2.30356
0.0091088 0.0670627 0.0204062 1
125
0.997532 -0.020404 0.0671841 237.023
0.0209692 0.99975 -0.00771896 335.687
-0.0668143 0.0091087 0.997711 2.30356
0.0091088 0.0670627 0.0204062 1
126
0.998167 -0.0151185 0.0586049 239.173
0.016055 0.99975 -0.0155408 337.397
-0.0580119 0.0164532 0.99816 2.30257
0.0164539 0.0583962 0.0151211 1
127
0.998303 -0.00358792 0.0581293 241.094
0.004196 0.999938 -0.0103423 337.304
-0.0578049 0.0105686 0.998255 2.30605
0.0105688 0.0581246 0.00358812 1
128
0.998188 -0.0147555 0.0583329 241.094
0.0157073 0.99975 -0.0158921 337.304
-0.0577325 0.0167796 0.998171 2.30801
0.0167803 0.0581246 0.014758 1
129
0.998188 -0.0147555 0.0583329 241.094
0.0157073 0.99975 -0.0158921 337.304
-0.0577325 0.0167796 0.998171 2.30801
0.0167803 0.0581246 0.014758 1
130
0.998698 -0.0157696 0.0485228 239.722
0.0171788 0.999439 -0.0287651 338.646
-0.0475778 0.0295611 0.998408 2.31919
0.0295653 0.0480812 0.015777 1
131
0.998698 -0.0157696 0.0485228 239.722
0.0171788 0.999439 -0.0287651 338.646
-0.0475778 0.0295611 0.998408 2.31919
0.0295653 0.0480812 0.015777 1
132
0.998698 -0.0157696 0.0485228 239.722
0.0171788 0.999439 -0.0287651 338.646
-0.0475778 0.0295611 0.998408 2.31919
0.0295653 0.0480812 0.015777 1
133
0.998547 -0.0172144 0.0510641 238.603
0.0186314 0.999451 -0.027404 337.478
-0.0501058 0.0283155 0.998319 2.32595
0.0283192 0.0506059 0.0172221 1
134
0.998537 -0.0184978 0.0508074 238.603
0.0191095 0.99975 -0.0115805 337.478
-0.0503881 0.0125345 0.998641 2.31286
0.0125347 0.0506059 0.0185003 1
135
0.998537 -0.0184978 0.0508074 238.603
0.0191095 0.99975 -0.0115805 337.478
-0.0503881 0.0125345 0.998641 2.31286
0.0125347 0.0506059 0.0185003 1
136
0.998598 -0.0224701 0.0479205 238.071
0.0224277 0.999747 0.00142201 339.775
-0.0479516 -0.000345267 0.99885 2.28797
-0.000345267 0.0479587 0.022472 1
137
0.998598 -0.0224701 0.0479205 238.071
0.0224277 0.999747 0.00142201 339.775
-0.0479516 -0.000345267 0.99885 2.28797
-0.000345267 0.0479587 0.022472 1
138
0.99874 -0.0220929 0.0450689 236.787
0.0222221 0.99975 -0.0023667 338.838
-0.0449725 0.00336524 0.998981 2.28839
0.00336525 0.0450207 0.0220948 1
139
0.998938 -0.00963634 0.0450579 236.787
0.0098811 0.999938 -0.00521256 338.838
-0.044909 0.00565225 0.998971 2.28545
0.00565227 0.0450207 0.00963664 1
140
0.998767 -0.0224675 0.0442583 233.679
0.0224671 0.999747 0.000506697 339.798
-0.0442586 0.000488281 0.99902 2.27357
0.000488281 0.0442729 0.0224694 1
141
0.998977 -0.00956803 0.0441978 233.679
0.00928763 0.999935 0.00654504 339.798
-0.0443679 -0.00612785 0.999001 2.26008
-0.00612789 0.0442729 0.00956836 1
142
0.998977 -0.00956803 0.0441978 233.679
0.00928763 0.999935 0.00654504 339.798
-0.0443679 -0.00612785 0.999001 2.26008
-0.00612789 0.0442729 0.00956836 1
143
0.998977 -0.00956803 0.0441978 233.679
0.00928763 0.999935 0.00654504 339.798
-0.0443679 -0.00612785 0.999001 2.26008
-0.00612789 0.0442729 0.00956836 1
144
0.997902 -0.0158796 0.0627633 235.799
0.0148143 0.999739 0.0174013 332.952
-0.0634258 -0.016435 0.997877 2.24068
-0.0164358 0.0630738 0.0158824 1
145
0.998282 -0.0173983 0.0559486 239.065
0.0165398 0.999739 0.0157704 325.565
-0.0565077 -0.0148179 0.998309 2.24751
-0.0148185 0.0562444 0.0174011 1
146
0.998324 -0.0176601 0.0551205 240.896
0.0168316 0.999739 0.0154586 322.367
-0.055664 -0.0145049 0.99836 2.24773
-0.0145055 0.0554135 0.0176629 1
147
0.998172 -0.0198827 0.0570782 242.885
0.0191904 0.999736 0.0126525 321.158
-0.0575426 -0.011534 0.99829 2.24563
-0.0115343 0.0573501 0.0198854 1
148
0.996531 -0.0316106 0.0769854 247.065
0.0304528 0.999405 0.0161675 314.997
-0.0777969 -0.013767 0.996901 2.23571
-0.0137676 0.0775363 0.0316192 1
149
0.995339 -0.0421374 0.0867483 252.529
0.0403174 0.998931 0.022626 300.761
-0.0880886 -0.019023 0.995973 2.23375
-0.0190245 0.0877389 0.0421582 1
150
0.996581 -0.0347363 0.0749618 256.911
0.034398 0.999391 0.00580024 293.48
-0.0752089 -0.00320186 0.99717 2.23135
-0.00320188 0.075189 0.0347436 1
151
0.995313 -0.047321 0.0843341 257.222
0.0470468 0.998879 0.00523707 291.597
-0.0845479 -0.00124487 0.996424 2.21262
-0.00124488 0.0845884 0.0473387 1
152
0.995393 -0.0356672 0.0889955 259.677
0.0353626 0.999362 0.00499712 283.887
-0.0892085 -0.00182698 0.996019 2.18535
-0.00182698 0.0892356 0.0356748 1
153
0.996907 -0.036357 0.0696731 263.909
0.0362203 0.999339 0.00322409 282.112
-0.069777 -0.000690533 0.997565 2.16567
-0.000690534 0.0698009 0.036365 1
154
0.997598 -0.0367205 0.0587316 263.879
0.0368075 0.999322 -0.000399772 289.921
-0.0586609 0.00256057 0.998274 2.14308
0.00256057 0.058711 0.0367288 1
155
0.996954 -0.0365523 0.0689012 263.481
0.0369651 0.999305 -0.00472628 295.863
-0.0685845 0.0072588 0.997612 2.1144
0.00725884 0.0687362 0.0365612 1
156
0.996954 -0.0365523 0.0689012 263.481
0.0369651 0.999305 -0.00472628 295.863
-0.0685845 0.0072588 0.997612 2.1144
0.00725884 0.0687362 0.0365612 1
157
0.996386 -0.0448053 0.0721712 261.729
0.0464283 0.998702 -0.0209688 293.811
-0.0708431 0.0242437 0.997172 2.09368
0.0242456 0.0712177 0.0448327 1
158
0.996724 -0.0356622 0.0725918 258.117
0.0366105 0.99926 -0.0117747 296.502
-0.0718808 0.0143937 0.997292 2.07691
0.0143941 0.0721876 0.0356732 1
159
0.996149 -0.0379944 0.0790112 256.221
0.0371927 0.999241 0.0115941 293.571
-0.0796023 -0.00861079 0.996806 2.06482
-0.00861096 0.0794788 0.0380052 1
160
0.996741 -0.0234065 0.0772035 257.668
0.0225273 0.999671 0.01224 284.255
-0.0777737 -0.0104609 0.99694 2.07202
-0.0104611 0.077547 0.02341 1
161
0.996524 -0.0131712 0.0822584 258.742
0.0113761 0.999688 0.0222535 267.131
-0.0832897 -0.0212403 0.996363 2.12097
-0.021242 0.082639 0.0131746 1
162
0.997993 -0.0167136 0.0610761 255.797
0.0146868 0.999331 0.0334845 248.285
-0.0623489 -0.0325202 0.997571 2.16055
-0.0325262 0.0616671 0.0167234 1
163
0.999113 -0.00534536 0.0417629 250.484
0.00383457 0.999338 0.036172 239.518
-0.0426012 -0.0359798 0.998473 2.16714
-0.0359876 0.0419682 0.00534886 1
164
0.999156 0.00103459 0.0410597 247.356
-0.00301524 0.998833 0.0482056 235.545
-0.0420011 -0.0482888 0.997993 2.17545
-0.0483075 0.0410212 -0.0010358 1
165
0.999204 0.00548208 0.0395113 239.881
-0.00781892 0.998213 0.0592343 235.867
-0.0404821 -0.0594961 0.997462 2.19301
-0.0595311 0.0391953 -0.00549181 1
166
0.999089 0.0120933 0.0409336 231.012
-0.014945 0.997429 0.0700931 236.622
-0.041883 -0.070641 0.9967 2.1869
-0.0706992 0.0400912 -0.0121238 1
167
0.999655 0.00470861 0.0258229 232.053
-0.00659778 0.997268 0.0735694 245.406
-0.026559 -0.0737144 0.996956 2.1205
-0.0737811 0.0254779 -0.00472146 1
168
0.998736 0.00623916 0.0498705 233.566
-0.0105188 0.996238 0.0860205 253.093
-0.0516482 -0.0864364 0.995044 2.13511
-0.0865438 0.0493505 -0.00626259 1
169
0.998423 -0.00537858 0.0558838 228.637
0.00124267 0.997274 0.073781 252.762
-0.058074 -0.0735952 0.995707 2.13878
-0.0736622 0.0563109 0.00539325 1
170
0.998476 -0.0072289 0.0547086 229.261
0.00387816 0.998124 0.0611065 257.616
-0.0565535 -0.0608012 0.996631 2.12625
-0.0608391 0.055178 0.0072424 1
171
0.998314 -0.0143528 0.0562368 232.015
0.0116778 0.998798 0.0476088 263.623
-0.0578821 -0.0468718 0.997282 2.12274
-0.0468895 0.0569464 0.0143692 1
172
0.998044 -0.0150842 0.060668 233.888
0.0129967 0.999315 0.0346556 269.651
-0.0619523 -0.0337993 0.997556 2.11907
-0.0338061 0.0612229 0.0150935 1
173
0.997365 -0.0171736 0.0704789 232.347
0.0147915 0.999306 0.0341815 276.133
-0.071939 -0.0330489 0.996927 2.10505
-0.0330553 0.0711165 0.017184 1
174
0.997731 -0.0141736 0.0658182 231.629
0.0127845 0.999688 0.021478 286.398
-0.0666547 -0.0205878 0.9976 2.08065
-0.0205894 0.0661646 0.0141771 1
175
0.997132 -0.0121234 0.0746982 234.964
0.0118617 0.999922 0.00394668 298.792
-0.07485 -0.00304931 0.997198 2.07301
-0.00304932 0.0748103 0.0121238 1
176
0.995273 -0.0250673 0.0938217 236.152
0.0251565 0.999683 0.000232949 303.542
-0.0937653 0.00212837 0.995589 2.07938
0.00212837 0.0939361 0.02507 1
177
0.995311 -0.0191583 0.0948056 233.494
0.0205924 0.999687 -0.0141715 306.16
-0.093938 0.0160573 0.995395 2.08541
0.0160579 0.0946573 0.0191618 1
178
0.994044 -0.02575 0.105895 237.569
0.0284828 0.999297 -0.0243769 313.205
-0.104177 0.0272478 0.994079 2.07759
0.0272507 0.105425 0.0257619 1
179
0.994044 -0.02575 0.105895 237.569
0.0284828 0.999297 -0.0243769 313.205
-0.104177 0.0272478 0.994079 2.07759
0.0272507 0.105425 0.0257619 1
180
0.994834 -0.0214763 0.0992232 234.951
0.0257585 0.998782 -0.0420813 317.221
-0.0965698 0.0444196 0.994175 2.11863
0.0444332 0.0984523 0.0214987 1
181
0.99418 -0.0201515 0.105837 233.111
0.026129 0.998122 -0.0554027 324.133
-0.10219 0.0578455 0.992839 2.13115
0.0578761 0.104886 0.0201859 1
182
0.994648 -0.019626 0.101444 230.553
0.0253405 0.998145 -0.0553557 325.352
-0.0979499 0.05763 0.9933 2.14822
0.0576603 0.100503 0.0196593 1
183
0.995985 -0.0177663 0.0877474 226.244
0.0238285 0.997364 -0.068534 329.708
-0.0839919 0.0703496 0.993783 2.16456
0.0704058 0.0866188 0.0178108 1
184
0.996313 -0.019657 0.0835108 224.126
0.0243053 0.99819 -0.0550168 330.628
-0.0805704 0.0568437 0.994987 2.17761
0.056873 0.0825031 0.0196896 1
185
0.997271 -0.0161878 0.0720377 221.853
0.0211381 0.997427 -0.0684984 334.067
-0.0689155 0.0698342 0.995047 2.19917
0.0698896 0.0709748 0.0162277 1
186
0.996708 -0.0342776 0.0734724 221.853
0.039655 0.996541 -0.073033 334.067
-0.0694051 0.0757059 0.99462 2.20341
0.0757749 0.0709748 0.0343813 1
187
0.997555 -0.0146045 0.0683477 223.112
0.0193027 0.997458 -0.0685938 332.022
-0.0654108 0.0697453 0.995301 2.20301
0.0698008 0.067386 0.0146404 1
188
0.997985 -0.0234181 0.0589729 221.78
0.0273219 0.997427 -0.0662884 333.066
-0.056169 0.067766 0.996056 2.19554
0.0678164 0.0574311 0.0234736 1
189
0.998625 -0.00342645 0.0523154 219.593
0.00718069 0.997397 -0.0717438 334.095
-0.0502472 0.0720208 0.99605 2.20705
0.072083 0.052092 0.00343536 1
190
0.998547 -0.00288122 0.0538106 214.771
0.00674476 0.997399 -0.0717563 337.445
-0.0517054 0.072015 0.99597 2.19492
0.0720772 0.0536286 0.00288871 1
191
0.998547 -0.00288122 0.0538106 214.771
0.00674476 0.997399 -0.0717563 337.445
-0.0517054 0.072015 0.99597 2.19492
0.0720772 0.0536286 0.00288871 1
192
0.999131 0.00194822 0.0416271 213.354
0.00100564 0.997488 -0.0708213 341.863
-0.0401669 0.0708017 0.99662 2.20217
0.070861 0.0417775 -0.00195313 1
193
0.998933 -0.000595357 0.046183 212.859
0.004947 0.995544 -0.0941694 338.765
-0.0438762 0.0942974 0.994484 2.23415
0.0944377 0.046143 0.00059802 1
194
0.999424 0.0121274 0.0316892 213.596
-0.00950844 0.996626 -0.0815262 336.707
-0.0308206 0.0811779 0.996167 2.23889
0.081268 0.032685 -0.012168 1
195
0.999424 0.0121274 0.0316892 213.596
-0.00950844 0.996626 -0.0815262 336.707
-0.0308206 0.0811779 0.996167 2.23889
0.081268 0.032685 -0.012168 1
196
0.99919 0.0285069 0.0284003 214.745
-0.025544 0.994688 -0.0997164 332.319
-0.0282648 0.0989102 0.99461 2.2813
0.0990744 0.0312511 -0.0286519 1
197
0.999406 0.023141 0.0255508 214.918
-0.0204695 0.994749 -0.100273 328.381
-0.0253083 0.0996908 0.994632 2.29006
0.0998583 0.0278801 -0.0232593 1
198
0.999536 0.0162419 0.0257548 217.188
-0.0138627 0.995845 -0.090006 326.51
-0.0252427 0.0896072 0.995608 2.2833
0.0897284 0.0272228 -0.0163083 1
199
0.999522 0.0186573 0.0246501 220.884
-0.0163655 0.995798 -0.0901059 326.374
-0.024293 0.0896594 0.995627 2.2824
0.089781 0.0263371 -0.018734 1
200
0.999415 0.0157727 0.0303523 222.758
-0.012979 0.995845 -0.0901319 324.619
-0.0296032 0.0896852 0.995467 2.2887
0.0898069 0.0317816 -0.0158373 1
201
0.999486 0.0175105 0.0268695 224.838
-0.0153598 0.996815 -0.0782591 320.038
-0.0264365 0.0778061 0.996571 2.29559
0.0778856 0.0282439 -0.0175648 1
202
0.999486 0.0175105 0.0268695 224.838
-0.0153598 0.996815 -0.0782591 320.038
-0.0264365 0.0778061 0.996571 2.29559
0.0778856 0.0282439 -0.0175648 1
203
0.99957 0.0150672 0.025174 227.244
-0.0127404 0.995846 -0.0901561 320.569
-0.0246376 0.0897966 0.995609 2.30714
0.0899185 0.0265384 -0.015129 1
204
0.999243 0.0191828 0.0338312 228.024
-0.0157141 0.994867 -0.099966 318.851
-0.0329689 0.0993588 0.994415 2.32477
0.0995247 0.0357604 -0.0192797 1
205
0.999543 0.0167269 0.0251767 228.715
-0.0144139 0.995891 -0.0894 316.008
-0.0247162 0.0889963 0.995677 2.31689
0.0891151 0.0266779 -0.0167945 1
206
0.999543 0.0167269 0.0251767 228.715
-0.0144139 0.995891 -0.0894 316.008
-0.0247162 0.0889963 0.995677 2.31689
0.0891151 0.0266779 -0.0167945 1
207
0.999543 0.0167269 0.0251767 228.715
-0.0144139 0.995891 -0.0894 316.008
-0.0247162 0.0889963 0.995677 2.31689
0.0891151 0.0266779 -0.0167945 1
208
0.999543 0.0167269 0.0251767 228.715
-0.0144139 0.995891 -0.0894 316.008
-0.0247162 0.0889963 0.995677 2.31689
0.0891151 0.0266779 -0.0167945 1
209
0.999443 0.0260153 0.0209193 230.103
-0.0238235 0.994808 -0.0989443 315.857
-0.0210562 0.0983908 0.994873 2.29358
0.0985518 0.0235013 -0.0261455 1
210
0.999513 0.0135123 0.0281304 234.788
-0.0112805 0.996887 -0.0780348 318.782
-0.027498 0.0776794 0.996554 2.30237
0.0777583 0.0291898 -0.0135538 1
211
0.999335 0.0115813 0.0345645 239.688
-0.00885871 0.996921 -0.0779064 319.762
-0.0336011 0.0775485 0.996361 2.31693
0.077627 0.0354749 -0.0116166 1
212
0.99983 -0.00253312 0.018276 242.918
0.00356314 0.998393 -0.0565488 321.612
-0.0176747 0.0566043 0.998233 2.32088
0.0566345 0.0181335 0.00253718 1
213
0.999181 0.00742875 0.0397721 241.344
-0.00476333 0.997762 -0.0666966 324.511
-0.0386427 0.0664526 0.99698 2.33249
0.0665019 0.0402787 -0.00744531 1
214
0.999138 0.00742873 0.0408495 239.477
-0.00468972 0.997759 -0.066742 327.384
-0.0396821 0.0664928 0.996934 2.31871
0.0665423 0.0413573 -0.00744531 1
215
0.999449 0.00128968 0.0331645 238.306
0.00064277 0.998305 -0.058192 329.49
-0.0322077 0.0581812 0.997754 2.29256
0.0582141 0.0332458 -0.00129187 1
216
0.999621 0.00806436 0.0263249 238.214
-0.00628548 0.997735 -0.0669703 334.967
-0.0256757 0.0667794 0.997408 2.30095
0.0668294 0.0268686 -0.00808251 1
217
0.999959 -0.00732477 0.00523838 237.793
0.00755466 0.998945 -0.0453043 343.078
-0.00495475 0.045342 0.998959 2.29108
0.0453576 0.00490608 0.00733237 1
218
0.999468 0.00233651 0.0325289 237.475
-0.000162755 0.997775 -0.0666679 344.499
-0.0314838 0.0666271 0.997245 2.31012
0.0666766 0.0326908 -0.00234172 1
219
0.999468 0.00233651 0.0325289 237.475
-0.000162755 0.997775 -0.0666679 344.499
-0.0314838 0.0666271 0.997245 2.31012
0.0666766 0.0326908 -0.00234172 1
220
0.999549 0.00300338 0.0298673 237.659
-0.00102209 0.99781 -0.0661317 343.204
-0.0289433 0.0660714 0.997364 2.34235
0.0661196 0.0300708 -0.00300997 1
221
0.999478 0.000344624 0.0323094 237.302
0.00162732 0.998137 -0.060987 338.708
-0.0313038 0.0610077 0.997616 2.37506
0.0610456 0.0323361 -0.000345267 1
222
0.999478 0.000344624 0.0323094 237.302
0.00162732 0.998137 -0.060987 338.708
-0.0313038 0.0610077 0.997616 2.37506
0.0610456 0.0323361 -0.000345267 1
223
0.999526 0.0049417 0.0303956 238.221
-0.0026595 0.997205 -0.0746697 336.242
-0.0293965 0.0745535 0.996745 2.40505
0.074623 0.0307702 -0.00495552 1
224
0.999518 0.0070394 0.0302399 238.221
-0.00476844 0.997208 -0.0745236 336.242
-0.0293245 0.0743434 0.996761 2.40311
0.0744124 0.0307702 -0.00705901 1
225
0.999518 0.0070394 0.0302399 238.221
-0.00476844 0.997208 -0.0745236 336.242
-0.0293245 0.0743434 0.996761 2.40311
0.0744124 0.0307702 -0.00705901 1
226
0.999518 0.0070394 0.0302399 238.221
-0.00476844 0.997208 -0.0745236 336.242
-0.0293245 0.0743434 0.996761 2.40311
0.0744124 0.0307702 -0.00705901 1
227
0.999523 0.00572004 0.0303378 238.221
-0.00344235 0.997207 -0.0746049 336.242
-0.0293699 0.0744649 0.996752 2.40166
0.0745342 0.0307702 -0.00573601 1
228
0.999438 0.00292142 0.0334035 235.556
-0.000404286 0.997175 -0.0751147 334.33
-0.0322075 0.0750589 0.996615 2.41173
0.0751297 0.0336299 -0.00292969 1
229
0.999437 0.00133428 0.033535 235.556
0.000890025 0.997804 -0.0662254 334.33
-0.0324302 0.066218 0.997241 2.39509
0.0662665 0.0336299 -0.00133721 1
230
0.999636 0.00220446 0.0268703 235.732
-0.000166947 0.997139 -0.0755952 332.772
-0.0258964 0.0755633 0.996776 2.4046
0.0756354 0.0270407 -0.00221079 1
231
0.999636 0.00220446 0.0268703 235.732
-0.000166947 0.997139 -0.0755952 332.772
-0.0258964 0.0755633 0.996776 2.4046
0.0756354 0.0270407 -0.00221079 1
232
0.999575 0.0130732 0.0260445 235.732
-0.0110629 0.997055 -0.0758871 332.772
-0.0254971 0.0755668 0.996776 2.38487
0.0756394 0.0270407 -0.0131111 1
233
0.999575 0.0130732 0.0260445 235.732
-0.0110629 0.997055 -0.0758871 332.772
-0.0254971 0.0755668 0.996776 2.38487
0.0756394 0.0270407 -0.0131111 1
234
0.999154 0.00419116 0.0409022 234.146
-0.0014759 0.997806 -0.0661894 333.474
-0.0396384 0.0660731 0.996968 2.35822
0.0661214 0.0411916 -0.00420036 1
235
0.999154 0.00419116 0.0409022 234.146
-0.0014759 0.997806 -0.0661894 333.474
-0.0396384 0.0660731 0.996968 2.35822
0.0661214 0.0411916 -0.00420036 1
236
0.999033 0.0192898 0.0395092 234.146
-0.015807 0.996114 -0.0866403 333.474
-0.0385266 0.085932 0.995456 2.36285
0.0860396 0.0411916 -0.019363 1
237
0.999033 0.0192898 0.0395092 234.146
-0.015807 0.996114 -0.0866403 333.474
-0.0385266 0.085932 0.995456 2.36285
0.0860396 0.0411916 -0.019363 1
238
0.999033 0.0192898 0.0395092 234.146
-0.015807 0.996114 -0.0866403 333.474
-0.0385266 0.085932 0.995456 2.36285
0.0860396 0.0411916 -0.019363 1
239
0.999348 0.00769876 0.0352818 232.501
-0.00503751 0.997178 -0.074905 331.695
-0.0341897 0.0746784 0.996566 2.41072
0.0747484 0.0358669 -0.00772042 1
240
0.999338 0.00879134 0.0352964 232.501
-0.00651741 0.997927 -0.0640291 331.695
-0.0344043 0.0637566 0.997324 2.41192
0.0638002 0.0358669 -0.00880941 1
241
0.999866 -0.00756524 0.0145056 231.741
0.00818147 0.999046 -0.0429041 333.443
-0.0140283 0.0430171 0.998974 2.40672
0.0430303 0.0141808 0.00757231 1
242
0.999473 0.00567867 0.0319614 232.128
-0.00431634 0.999086 -0.0425329 332.201
-0.0313864 0.0423725 0.998584 2.40296
0.0423853 0.0322083 -0.00568382 1
243
0.999911 -0.000487623 0.013336 231.488
0.00117926 0.998651 -0.051904 332.936
-0.0129685 0.0519151 0.998563 2.40366
0.0519384 0.013311 0.000488281 1
244
0.999911 -0.000487623 0.013336 231.488
0.00117926 0.998651 -0.051904 332.936
-0.0129685 0.0519151 0.998563 2.40366
0.0519384 0.013311 0.000488281 1
245
0.999899 -0.00591696 0.0129287 230.324
0.00633242 0.999457 -0.0323337 334.64
-0.0126218 0.0324123 0.999394 2.38751
0.0324179 0.0127374 0.0059201 1
246
0.999679 0.00888537 0.0237362 230.244
-0.00735118 0.997926 -0.0639574 334.358
-0.0232287 0.0637623 0.99767 2.403
0.0638058 0.0243072 -0.00890363 1
247
0.999679 0.00888537 0.0237362 230.244
-0.00735118 0.997926 -0.0639574 334.358
-0.0232287 0.0637623 0.99767 2.403
0.0638058 0.0243072 -0.00890363 1
248
0.999679 0.00888537 0.0237362 230.244
-0.00735118 0.997926 -0.0639574 334.358
-0.0232287 0.0637623 0.99767 2.403
0.0638058 0.0243072 -0.00890363 1
249
0.99991 -0.00119473 0.0133303 227.715
0.00181626 0.998907 -0.0467111 335.284
-0.0129843 0.0467311 0.998819 2.40556
0.0467481 0.0132748 0.00119604 1
250
0.99991 -0.00119473 0.0133303 227.715
0.00181626 0.998907 -0.0467111 335.284
-0.0129843 0.0467311 0.998819 2.40556
0.0467481 0.0132748 0.00119604 1
251
0.99991 -0.00119473 0.0133303 227.715
0.00181626 0.998907 -0.0467111 335.284
-0.0129843 0.0467311 0.998819 2.40556
0.0467481 0.0132748 0.00119604 1
252
0.99991 -0.00119473 0.0133303 227.715
0.00181626 0.998907 -0.0467111 335.284
-0.0129843 0.0467311 0.998819 2.40556
0.0467481 0.0132748 0.00119604 1
253
0.999597 0.0143486 0.0244984 225.864
-0.012778 0.997925 -0.063103 333.754
-0.0241405 0.0627646 0.997706 2.40662
0.0628062 0.025406 -0.0143775 1
254
0.999597 0.0143486 0.0244984 225.864
-0.012778 0.997925 -0.063103 333.754
-0.0241405 0.0627646 0.997706 2.40662
0.0628062 0.025406 -0.0143775 1
255
0.99953 0.0164677 0.0258688 223.859
-0.0148099 0.997902 -0.0630188 332.707
-0.0255317 0.062606 0.997677 2.39956
0.0626474 0.0269086 -0.0165009 1
256
0.99953 0.0164677 0.0258688 223.859
-0.0148099 0.997902 -0.0630188 332.707
-0.0255317 0.062606 0.997677 2.39956
0.0626474 0.0269086 -0.0165009 1
257
0.99953 0.0164677 0.0258688 223.859
-0.0148099 0.997902 -0.0630188 332.707
-0.0255317 0.062606 0.997677 2.39956
0.0626474 0.0269086 -0.0165009 1
258
0.99953 0.0164677 0.0258688 223.859
-0.0148099 0.997902 -0.0630188 332.707
-0.0255317 0.062606 0.997677 2.39956
0.0626474 0.0269086 -0.0165009 1
259
0.99953 0.0164677 0.0258688 223.859
-0.0148099 0.997902 -0.0630188 332.707
-0.0255317 0.062606 0.997677 2.39956
0.0626474 0.0269086 -0.0165009 1
260
0.99953 0.0164677 0.0258688 223.859
-0.0148099 0.997902 -0.0630188 332.707
-0.0255317 0.062606 0.997677 2.39956
0.0626474 0.0269086 -0.0165009 1
261
0.99953 0.0164677 0.0258688 223.859
-0.0148099 0.997902 -0.0630188 332.707
-0.0255317 0.062606 0.997677 2.39956
0.0626474 0.0269086 -0.0165009 1
262
0.999324 0.0173316 0.032411 224.746
-0.0152542 0.997879 -0.0632788 331.577
-0.0318863 0.0627416 0.997469 2.37446
0.0627834 0.0335116 -0.0173668 1
263
0.999324 0.0173316 0.032411 224.746
-0.0152542 0.997879 -0.0632788 331.577
-0.0318863 0.0627416 0.997469 2.37446
0.0627834 0.0335116 -0.0173668 1
264
0.999305 0.0234487 0.0289722 226.399
-0.0216467 0.997902 -0.0610177 330.878
-0.0287562 0.0603482 0.997716 2.39571
0.0603855 0.0304026 -0.0234939 1
265
0.999305 0.0234487 0.0289722 226.399
-0.0216467 0.997902 -0.0610177 330.878
-0.0287562 0.0603482 0.997716 2.39571
0.0603855 0.0304026 -0.0234939 1
266
0.999538 0.00362992 0.0301615 226.399
-0.00166113 0.997881 -0.0650449 330.878
-0.0292632 0.0649648 0.997426 2.39148
0.0650107 0.0304026 -0.00363762 1
267
0.999538 0.00362992 0.0301615 226.399
-0.00166113 0.997881 -0.0650449 330.878
-0.0292632 0.0649648 0.997426 2.39148
0.0650107 0.0304026 -0.00363762 1
268
0.999538 0.00362992 0.0301615 226.399
-0.00166113 0.997881 -0.0650449 330.878
-0.0292632 0.0649648 0.997426 2.39148
0.0650107 0.0304026 -0.00363762 1
269
0.999538 0.00362992 0.0301615 226.399
